0 2525
0 2522
0 1976
0 1974
0 1967
0 2521
0 1975
0 1973
0 1968
1 1852
1 2736
1 2735
1 2733
2 1855
2 2734
2 1856
2 1852
3 1870
3 1866
3 1863
3 1869
3 1865
3 1864
4 2733
4 2647
4 2434
4 2431
4 2224
4 2202
4 1920
4 1308
4 1293
4 1274
4 1272
4 2648
4 2225
4 2016
4 1307
4 1294
4 1275
4 1273
5 1293
5 1274
5 1272
5 1294
5 1275
5 1273
6 2221
6 2019
6 2003
6 1917
6 1906
6 1865
6 1854
6 1847
6 1844
6 1755
6 1752
6 1748
6 1484
6 1297
6 1295
6 1287
6 1277
6 1275
6 1273
6 1208
6 1088
6 1077
6 2222
6 2020
6 2004
6 1918
6 1907
6 1866
6 1853
6 1846
6 1845
6 1754
6 1753
6 1747
6 1489
6 1298
6 1296
6 1286
6 1276
6 1274
6 1272
6 1207
6 1087
6 1078
7 2649
7 1873
7 1871
7 1856
7 1845
7 1294
7 1275
7 2650
7 1984
7 1872
7 1855
7 1844
7 1293
7 1274
8 2607
9 2606
9 2607
10 2259
10 1613
10 1580
10 1256
10 1251
10 2823
10 2260
10 2018
10 1612
10 1255
10 1252
11 1999
11 1258
11 2000
11 1259
12 2594
12 2591
12 2593
12 2592
13 2270
13 2267
13 2269
13 2268
14 2653
14 2649
14 2647
14 2652
14 2650
14 2648
15 1299
15 1296
15 1300
15 1295
16 2652
16 1303
16 1300
16 2653
16 1304
16 1299
17 1443
18 2117
18 2111
18 1460
18 1307
18 1302
18 2118
18 2112
18 1603
18 1308
18 1301
19 2264
19 2261
19 2263
19 2262
20 1304
20 1301
20 1303
20 1302
21 2819
21 1435
21 1434
21 1389
21 2271
21 1433
22 1446
23 2138
23 2135
23 2137
23 2136
24 2334
24 2299
24 1666
24 2332
24 2331
24 2302
24 2301
24 2300
25 2328
25 2300
25 1412
25 2606
25 1414
26 1949
26 1950
27 1368
27 1364
27 1367
27 1365
28 1216
28 1215
29 1215
29 1216
30 2109
31 2109
32 1470
32 1471
33 2189
33 2160
33 2190
33 2159
34 2192
34 2163
34 2191
34 2164
35 2196
35 2169
35 2195
35 2170
36 2148
36 2145
36 2147
36 2146
37 2388
37 2385
37 2387
37 2386
38 2485
38 2482
38 2484
38 2483
39 2168
39 2165
39 2167
39 2166
40 2152
40 2149
40 2151
40 2150
41 2194
41 2171
41 2193
41 2172
42 2397
42 2394
42 2162
42 2159
42 2396
42 2395
42 2161
42 2160
43 2490
43 2472
43 2491
43 2471
44 2195
44 2180
44 2196
44 2179
45 2184
45 2147
45 2183
45 2148
46 1531
46 1528
46 1530
46 1529
47 1361
47 1366
47 1362
48 2638
48 2639
49 1472
49 1473
50 2800
51 2800
52 2596
52 2593
52 2595
52 2594
53 2722
53 2715
53 2710
53 2723
53 2714
53 2711
54 2366
54 2365
54 2367
54 2364
55 2364
55 2359
55 2365
55 2358
56 2714
56 2713
56 2715
56 2712
57 2369
57 2362
57 1668
57 2368
57 2363
57 1115
58 2255
58 2249
58 1627
58 1624
58 2256
58 2250
58 1628
58 1623
59 2256
59 2253
59 2251
59 2255
59 2254
59 2252
60 2507
60 2505
60 2843
60 2506
61 2269
61 2271
61 2270
62 2720
62 2709
62 2721
62 2708
63 2599
63 2592
63 2600
63 2591
64 2527
64 1153
64 1150
64 2528
64 1152
64 1151
65 2850
65 2847
65 2849
65 2848
66 2851
66 2848
66 2852
66 2847
67 2723
67 2711
67 2708
67 2722
67 2710
67 2709
68 2140
68 2137
68 2139
68 2138
69 2405
69 2402
69 2404
69 2403
70 2416
70 2382
70 2417
70 2381
71 2489
71 2486
71 2488
71 2487
72 2409
72 2406
72 2408
72 2407
73 1927
73 1555
73 1552
73 1926
73 1554
73 1553
74 1798
74 1795
74 1797
74 1796
75 2617
75 1821
75 1638
75 1062
75 2618
75 1820
75 1639
75 1063
76 1820
76 1821
77 2458
77 2459
78 2470
78 2460
78 2459
78 1898
78 1581
78 2458
78 2457
79 1581
80 1895
80 1656
81 1656
82 2122
83 1062
84 1461
85 1459
86 2380
86 1365
86 1363
86 1362
86 2580
86 1369
86 1364
87 1498
87 1499
87 1492
88 2210
89 1488
89 1486
89 1487
89 1483
90 2538
90 2535
90 2537
90 2536
91 2539
91 2536
91 2535
92 2541
92 2537
92 2540
92 2538
93 1489
93 1483
93 1488
93 1484
94 1897
94 1898
95 2432
95 2431
96 1066
96 1065
97 1896
97 1895
98 2344
98 2345
98 2343
99 2547
99 1814
99 1164
99 1161
99 1059
99 2550
99 2546
99 2245
99 1813
99 1163
99 1162
99 1058
100 1816
100 1813
100 1815
100 1814
101 1069
102 1071
103 1074
104 1067
105 1403
105 1382
105 1381
105 1178
105 1175
105 1402
105 1177
105 1176
106 2783
106 2780
106 2782
106 2781
107 2781
107 2779
107 2780
108 1984
108 1139
108 1137
108 1094
108 1091
108 1064
108 1138
108 1136
108 1093
108 1092
109 1179
109 1176
109 1382
109 1381
109 1180
109 1175
110 1475
110 1468
110 1474
110 1469
111 1474
111 1471
111 1475
111 1470
112 1861
112 1858
112 1862
112 1857
113 1799
114 2543
114 2539
115 2433
115 2434
116 2040
116 2042
116 2041
117 2005
117 2004
117 2006
117 2003
118 1745
118 1746
119 1492
119 1497
120 1331
120 1330
121 2696
121 1660
121 1658
121 1633
121 1607
121 1598
121 1583
121 1211
121 2697
121 1659
121 1657
121 1634
121 1608
121 1599
121 1584
121 1212
122 1801
122 1662
122 1660
122 1212
122 1207
122 1661
122 1659
122 1211
122 1208
123 1983
123 1874
123 1873
123 1872
123 1875
123 1871
124 1127
124 1125
124 1124
125 1130
125 1126
126 2375
126 2371
126 2368
126 2367
126 2378
126 2377
126 2376
126 2370
126 2369
126 2366
127 2054
127 1884
127 1882
127 2055
127 1883
127 1076
127 1075
128 1126
128 1119
128 1118
129 1080
129 1090
129 1089
130 1080
130 1079
131 2430
131 2202
132 1325
132 1322
132 1324
132 1323
133 1514
133 1517
134 1516
134 1514
135 1512
135 1515
136 1513
136 1516
137 1515
137 1513
138 1520
138 1512
139 1720
139 1716
139 1721
139 1715
140 2721
140 2716
140 2675
140 1065
140 2720
140 2717
140 2676
140 1066
141 2712
141 2597
141 2568
141 2360
141 1937
141 1857
141 1715
141 1509
141 1503
141 1434
141 1406
141 1387
141 1365
141 1358
141 1347
141 1240
141 1183
141 1149
141 1143
141 1134
141 1114
141 1112
141 2713
141 2598
141 2569
141 2361
141 1938
141 1858
141 1716
141 1510
141 1504
141 1493
141 1433
141 1407
141 1386
141 1364
141 1357
141 1346
141 1241
141 1184
141 1148
141 1142
141 1135
141 1113
141 1111
141 1099
142 2370
142 2361
142 2358
142 2131
142 2373
142 2372
142 2371
142 2360
142 2359
142 2133
142 2132
143 1093
143 1084
143 1094
143 1083
144 1495
144 1493
144 1494
145 1650
146 1649
147 1649
148 1431
149 2643
149 2425
149 2644
149 2424
150 2743
151 2278
151 1067
151 1068
152 2278
152 1069
152 1070
153 2278
153 1071
153 1072
154 2278
154 1074
154 1073
155 1144
155 1117
155 1127
156 1835
156 1836
156 1834
157 2469
157 1834
157 2470
157 2468
157 2456
158 2569
158 2558
158 2568
158 2559
159 2376
159 2374
159 2375
160 1116
161 1713
161 1704
161 1714
161 1703
162 1706
162 1703
162 1705
162 1704
163 2200
163 2197
163 2199
163 2198
164 1131
164 1117
165 2007
165 2008
166 2136
166 2134
166 2135
167 1511
167 1520
168 2854
168 2849
168 2853
168 2850
169 2191
169 2174
169 2192
169 2173
170 2415
170 2387
170 2414
170 2388
171 2493
171 2484
171 2492
171 2485
172 2182
172 2167
172 2181
172 2168
173 2488
173 2479
173 2489
173 2478
174 2186
174 2151
174 2185
174 2152
175 2413
175 2404
175 2412
175 2405
176 2193
176 2178
176 2194
176 2177
177 2401
177 2396
177 2400
177 2397
178 2411
178 2408
178 2410
178 2409
179 2474
179 2471
179 2473
179 2472
180 2384
180 2381
180 2383
180 2382
181 1092
181 1087
181 1091
181 1088
181 1064
182 1138
182 1136
182 1135
182 1139
182 1137
182 1134
183 1711
183 1712
183 1701
184 2730
184 2731
184 2727
185 2817
185 2819
185 2818
186 2073
186 2070
186 2072
186 2071
187 1324
187 1319
187 1325
187 1318
188 1481
188 1478
188 1480
188 1479
189 1323
189 1322
190 1978
190 1931
190 1367
190 1143
190 1977
190 1368
190 1142
191 2773
192 1149
192 1146
192 1148
192 1147
193 1152
193 1147
193 1153
193 1146
194 2528
194 1151
194 2527
194 1150
195 1518
195 1519
195 1511
196 2771
197 1157
197 1156
198 1319
198 1156
198 1318
198 1157
199 1935
199 1959
199 1936
200 1721
200 1718
200 1720
200 1719
201 1400
201 1395
201 1401
201 1394
202 1370
202 1369
203 2742
204 2565
204 2556
204 2564
204 2557
205 2556
205 2547
205 2540
205 2533
205 2557
205 2546
205 2541
205 2534
206 2550
206 2543
207 1162
207 1159
207 1056
207 1161
207 1160
207 1057
208 2268
208 1994
208 1700
208 1426
208 1165
208 1160
208 2267
208 1694
208 1425
208 1159
209 1165
210 2303
211 2668
211 2550
211 2546
211 2304
211 2267
211 2245
211 2088
211 1425
211 1163
211 1058
211 2547
211 2268
211 2089
211 1994
211 1426
211 1164
211 1059
212 2606
213 2731
213 2728
213 2730
213 2729
214 2818
214 2815
214 2817
214 2816
215 2567
215 2554
215 2566
215 2555
216 2534
216 2533
217 1128
217 1130
217 1129
218 1129
218 1125
218 1124
218 1128
219 1902
219 1875
219 1862
219 1859
219 1903
219 1874
219 1861
219 1860
220 2546
220 2545
220 2547
220 2544
221 1057
221 1056
222 2083
222 2082
223 2089
223 2088
224 1932
225 2572
225 2552
225 2534
225 2532
225 1749
225 1615
225 1551
225 1490
225 1335
225 2571
225 2551
225 2542
225 2533
225 2531
225 2510
225 2328
225 1614
225 1550
225 1485
225 1412
225 1334
226 2549
226 2542
226 2548
227 1649
228 1649
229 1172
229 1169
229 1171
229 1170
230 2303
231 2288
232 2026
232 2027
233 2614
233 2613
234 1174
235 1173
235 1174
236 2239
236 2241
236 2240
236 2238
237 2260
237 2259
238 1443
238 1442
239 2694
239 2695
240 2031
240 2028
240 2030
240 2029
241 1081
241 1078
241 1076
241 1884
241 1082
241 1077
242 2006
242 1900
242 1840
242 1837
242 1090
242 1089
242 1082
242 2005
242 1839
242 1838
242 1081
243 2029
243 2027
243 2028
244 1101
244 1102
244 1100
245 1649
246 2350
246 2347
246 2351
246 2346
247 2349
247 2346
247 2348
247 2347
248 2351
248 2348
248 2350
248 2349
249 1799
250 2030
250 2031
251 2038
251 1694
251 2304
251 2039
251 1700
252 1714
252 1710
252 1707
252 1713
252 1709
252 1708
253 1170
253 1169
254 2838
254 2837
254 2824
254 2808
254 2796
254 2794
254 2792
254 2786
254 2782
254 2739
254 2732
254 2700
254 2698
254 2692
254 2652
254 2643
254 2635
254 2633
254 2631
254 2629
254 2620
254 2615
254 2608
254 2589
254 2548
254 2543
254 2539
254 2537
254 2515
254 2513
254 2511
254 2508
254 2503
254 2496
254 2418
254 2354
254 2353
254 2352
254 2350
254 2348
254 2344
254 2339
254 2337
254 2334
254 2315
254 2296
254 2279
254 2276
254 2258
254 2235
254 2229
254 2213
254 2203
254 2142
254 2135
254 2121
254 2108
254 2038
254 2021
254 2011
254 1996
254 1985
254 1984
254 1969
254 1956
254 1950
254 1949
254 1947
254 1921
254 1913
254 1908
254 1904
254 1900
254 1889
254 1863
254 1850
254 1817
254 1815
254 1813
254 1711
254 1695
254 1692
254 1686
254 1685
254 1677
254 1656
254 1651
254 1637
254 1635
254 1610
254 1604
254 1601
254 1594
254 1592
254 1591
254 1587
254 1581
254 1569
254 1540
254 1532
254 1457
254 1453
254 1452
254 1449
254 1439
254 1438
254 1421
254 1400
254 1375
254 1372
254 1339
254 1336
254 1327
254 1320
254 1312
254 1301
254 1299
254 1263
254 1248
254 1229
254 1196
254 1164
254 1140
254 1098
254 1092
254 1086
254 1080
254 1076
254 2809
254 2797
254 2795
254 2793
254 2787
254 2783
254 2701
254 2693
254 2653
254 2644
254 2636
254 2634
254 2632
254 2630
254 2621
254 2616
254 2609
254 2590
254 2549
254 2538
254 2516
254 2514
254 2512
254 2509
254 2504
254 2497
254 2421
254 2419
254 2351
254 2349
254 2345
254 2340
254 2338
254 2280
254 2236
254 2230
254 2214
254 2136
254 2114
254 2078
254 2039
254 1997
254 1986
254 1970
254 1957
254 1948
254 1922
254 1905
254 1890
254 1884
254 1864
254 1851
254 1816
254 1814
254 1712
254 1693
254 1687
254 1678
254 1636
254 1611
254 1605
254 1602
254 1590
254 1588
254 1586
254 1534
254 1533
254 1451
254 1440
254 1430
254 1429
254 1422
254 1401
254 1376
254 1328
254 1321
254 1302
254 1300
254 1265
254 1264
254 1262
254 1261
254 1228
254 1195
254 1163
254 1141
254 1091
254 1085
255 1851
255 1846
255 1850
255 1847
256 2297
257 2856
257 2775
257 2769
257 2738
257 2737
257 2726
257 2702
257 2674
257 2655
257 2570
257 2531
257 2530
257 2475
257 2461
257 2398
257 2299
257 2272
257 2271
257 2242
257 2211
257 2187
257 2130
257 2127
257 2103
257 2099
257 2098
257 2094
257 2093
257 2076
257 2045
257 2040
257 1993
257 1953
257 1933
257 1929
257 1749
257 1666
257 1566
257 1541
257 1496
257 1430
257 1415
257 1413
257 1408
257 1392
257 1388
257 1383
257 1344
257 1329
257 1328
257 1324
257 1322
257 1311
257 1266
257 1205
257 1156
257 1100
257 1056
257 2703
257 2532
257 2476
257 2399
257 2314
257 2188
257 2100
257 2095
257 2046
257 2041
257 1943
257 1409
257 1393
257 1327
257 1326
257 1325
257 1323
257 1267
257 1206
257 1157
257 1057
258 2809
258 2797
258 2795
258 2793
258 2787
258 2783
258 2703
258 2701
258 2693
258 2653
258 2644
258 2642
258 2636
258 2634
258 2632
258 2630
258 2621
258 2616
258 2611
258 2609
258 2590
258 2552
258 2549
258 2538
258 2516
258 2514
258 2512
258 2509
258 2504
258 2497
258 2476
258 2421
258 2419
258 2399
258 2351
258 2349
258 2345
258 2340
258 2338
258 2280
258 2236
258 2230
258 2214
258 2188
258 2136
258 2114
258 2100
258 2078
258 2046
258 2041
258 2039
258 1997
258 1986
258 1970
258 1957
258 1948
258 1943
258 1922
258 1905
258 1890
258 1884
258 1864
258 1847
258 1816
258 1814
258 1712
258 1693
258 1687
258 1678
258 1636
258 1611
258 1605
258 1602
258 1590
258 1588
258 1586
258 1534
258 1533
258 1473
258 1471
258 1451
258 1440
258 1429
258 1422
258 1409
258 1401
258 1393
258 1376
258 1328
258 1325
258 1323
258 1321
258 1302
258 1300
258 1267
258 1228
258 1206
258 1195
258 1163
258 1157
258 1141
258 1102
258 1091
258 1085
258 1057
258 2856
258 2842
258 2838
258 2837
258 2824
258 2808
258 2796
258 2794
258 2792
258 2786
258 2782
258 2775
258 2769
258 2764
258 2752
258 2739
258 2738
258 2732
258 2726
258 2702
258 2700
258 2698
258 2692
258 2674
258 2655
258 2652
258 2643
258 2641
258 2635
258 2633
258 2631
258 2629
258 2620
258 2615
258 2610
258 2608
258 2589
258 2570
258 2551
258 2548
258 2543
258 2539
258 2537
258 2530
258 2515
258 2513
258 2511
258 2508
258 2503
258 2496
258 2475
258 2461
258 2418
258 2398
258 2357
258 2356
258 2355
258 2354
258 2353
258 2352
258 2350
258 2348
258 2344
258 2339
258 2337
258 2334
258 2331
258 2315
258 2296
258 2276
258 2275
258 2272
258 2271
258 2258
258 2244
258 2242
258 2235
258 2229
258 2213
258 2211
258 2203
258 2187
258 2142
258 2135
258 2130
258 2127
258 2121
258 2108
258 2103
258 2099
258 2098
258 2093
258 2076
258 2045
258 2040
258 2038
258 2021
258 2011
258 1996
258 1993
258 1985
258 1984
258 1969
258 1956
258 1953
258 1950
258 1949
258 1947
258 1933
258 1929
258 1921
258 1913
258 1908
258 1904
258 1900
258 1889
258 1863
258 1846
258 1817
258 1815
258 1813
258 1749
258 1711
258 1695
258 1692
258 1686
258 1685
258 1677
258 1656
258 1654
258 1652
258 1651
258 1647
258 1646
258 1645
258 1637
258 1635
258 1610
258 1604
258 1601
258 1594
258 1592
258 1591
258 1587
258 1581
258 1569
258 1566
258 1541
258 1540
258 1532
258 1496
258 1472
258 1470
258 1457
258 1453
258 1452
258 1449
258 1439
258 1438
258 1432
258 1431
258 1421
258 1415
258 1414
258 1413
258 1408
258 1400
258 1392
258 1388
258 1383
258 1375
258 1372
258 1344
258 1339
258 1327
258 1324
258 1322
258 1320
258 1312
258 1311
258 1301
258 1299
258 1266
258 1263
258 1261
258 1248
258 1229
258 1205
258 1196
258 1164
258 1156
258 1140
258 1101
258 1098
258 1097
258 1092
258 1086
258 1080
258 1076
258 1056
259 1655
260 1655
260 1648
261 1653
262 1653
262 1655
263 1650
264 2279
264 2273
264 1534
264 1532
264 2420
264 1533
264 1458
264 1456
264 1455
264 1453
265 1284
265 1285
266 1285
266 1282
266 1280
266 1284
266 1283
266 1281
267 1283
267 1281
267 1278
267 1282
267 1280
267 1279
268 2671
268 2457
268 2122
268 1836
268 2670
268 2460
268 1835
268 1454
269 1279
269 1276
269 1278
269 1277
270 2670
270 2199
270 2197
270 1835
270 1577
270 1576
270 1575
270 1574
270 1573
270 1572
270 1571
270 1570
270 1569
270 1533
270 1454
270 2671
270 2200
270 2198
270 1836
270 1535
270 1532
271 2200
271 2198
271 2199
271 2197
272 1746
273 2318
274 2853
274 2844
274 2827
274 2819
274 2772
274 2727
274 2720
274 2706
274 2638
274 2599
274 2586
274 2585
274 2573
274 2536
274 2436
274 2380
274 2372
274 2358
274 2274
274 2210
274 2133
274 1989
274 1985
274 1983
274 1977
274 1964
274 1963
274 1931
274 1861
274 1839
274 1556
274 1545
274 1520
274 1507
274 1501
274 1493
274 1492
274 1483
274 1451
274 1440
274 1436
274 1412
274 1389
274 1363
274 1361
274 1352
274 1240
274 1187
274 1130
274 1111
274 2854
274 2845
274 2721
274 2639
274 2600
274 2587
274 2535
274 2435
274 2373
274 2359
274 2123
274 1986
274 1978
274 1862
274 1840
274 1544
274 1540
274 1508
274 1502
274 1488
274 1452
274 1439
274 1437
274 1353
274 1241
274 1112
275 2837
275 2511
275 2460
275 2420
275 1453
275 1277
275 2763
275 2751
275 2750
275 2512
275 2457
275 2357
275 2356
275 2355
275 2318
275 2273
275 2122
275 1746
275 1645
275 1563
275 1562
275 1534
275 1276
275 1097
276 1448
277 1558
277 1557
278 2854
278 2847
278 2694
278 2689
278 2687
278 2686
278 2657
278 2627
278 2625
278 2493
278 2479
278 2476
278 2474
278 2415
278 2413
278 2411
278 2401
278 2399
278 2384
278 2374
278 2362
278 2276
278 2209
278 2188
278 2186
278 2184
278 2182
278 2180
278 2178
278 2174
278 2162
278 2124
278 2080
278 1992
278 1991
278 1945
278 1898
278 1897
278 1896
278 1895
278 1792
278 1782
278 1498
278 1443
278 1402
278 1350
278 1244
278 1235
278 1228
278 1221
278 1215
278 1206
278 1198
278 1193
278 1190
278 1177
278 1110
278 2855
278 2853
278 2848
278 2628
278 2626
278 2588
278 2492
278 2478
278 2475
278 2473
278 2421
278 2414
278 2412
278 2410
278 2400
278 2398
278 2383
278 2363
278 2187
278 2185
278 2183
278 2181
278 2179
278 2177
278 2173
278 2161
278 2141
278 2081
278 1990
278 1946
278 1793
278 1783
278 1499
278 1496
278 1403
278 1351
278 1245
278 1229
278 1222
278 1216
278 1205
278 1197
278 1194
278 1189
278 1178
278 1109
279 2645
279 1517
279 2294
280 1564
281 2420
281 2418
281 2272
281 2419
281 2273
282 2273
282 2420
282 2274
283 2564
283 2559
283 2565
283 2558
284 1924
284 1925
285 1314
285 2121
285 1316
285 1315
286 2793
286 2121
286 2792
287 1883
287 1880
287 1882
287 1881
288 1744
288 1743
289 1428
289 1374
289 1427
289 1373
289 1371
290 1589
291 1589
292 1754
292 1753
292 1719
292 1710
292 1708
292 1755
292 1752
292 1718
292 1709
292 1707
293 2281
293 2280
293 1911
293 2282
293 1913
293 1912
294 2125
294 1907
294 1904
294 2126
294 1906
294 1905
295 2678
295 2283
295 2235
295 2126
295 1913
295 1909
295 1905
295 1878
295 1781
295 1757
295 1755
295 1753
295 1744
295 2679
295 2284
295 2280
295 2236
295 1910
295 1904
295 1879
295 1780
295 1756
295 1754
295 1752
295 1743
296 2057
296 2052
296 2056
296 2053
297 1860
297 1859
298 2018
299 2023
299 2022
300 2117
300 2116
300 2118
300 2115
301 1886
301 1885
302 1903
302 1902
303 1901
303 1900
304 1843
304 1841
304 1838
304 1842
304 1837
305 1793
305 1790
305 1792
305 1791
306 2316
306 1879
306 1791
306 1783
306 1780
306 2317
306 1878
306 1790
306 1782
306 1781
307 2736
307 2734
307 2261
307 2238
307 2113
307 1912
307 2262
307 2239
307 2119
307 1911
307 1908
307 1901
308 1833
308 1832
309 2734
309 2263
309 1910
309 1908
309 1842
309 2264
309 1909
309 1843
309 1841
310 2053
310 2052
311 2797
311 1951
311 1716
311 1603
311 2796
311 1952
311 1715
312 1626
312 1623
312 1306
312 1625
312 1624
312 1305
313 2282
313 2281
314 2284
314 2283
315 2056
315 2055
315 2057
315 2054
316 1761
316 1758
316 1760
316 1759
317 2229
317 1759
317 1756
317 2230
317 1758
317 1757
318 2419
318 2271
318 2423
318 2422
318 2418
318 2272
319 2602
319 2601
320 2826
320 2759
320 2757
320 2745
320 2620
320 2601
320 2302
320 2301
320 1750
320 1747
320 1670
320 1663
320 1535
320 1326
320 2825
320 2758
320 2756
320 2744
320 2621
320 2602
320 1751
320 1749
320 1748
320 1329
321 2604
321 1376
321 1373
321 2605
321 1375
321 1374
322 1839
322 1751
322 1378
322 1375
322 1840
322 1750
322 1379
322 1377
322 1376
323 1752
323 1748
323 1753
323 1747
324 1676
324 1675
325 2682
325 2680
325 2679
325 2683
325 2681
325 2678
326 2021
326 2020
326 2114
326 2019
327 2115
327 2114
327 2022
327 2116
327 2023
327 2021
328 1885
328 1881
328 1886
328 1880
329 2858
330 1429
330 1371
330 1428
330 1372
331 1754
331 1747
331 1377
331 1372
331 1340
331 1755
331 1748
331 1429
331 1378
331 1341
332 1155
332 1148
332 1154
332 1149
333 1643
333 1642
334 1644
335 1642
336 1644
336 1643
337 1649
338 2142
339 1096
339 1095
340 2610
340 2528
340 2227
340 2013
340 1823
340 1223
340 1151
340 2846
340 2611
340 2527
340 2525
340 2481
340 2480
340 2477
340 2393
340 2392
340 2391
340 2390
340 2389
340 2291
340 2226
340 2158
340 2157
340 2156
340 2155
340 2154
340 2153
340 2134
340 2012
340 2009
340 1467
340 1464
340 1316
340 1230
340 1165
340 1150
341 2846
341 2527
341 2525
341 2481
341 2480
341 2477
341 2393
341 2392
341 2391
341 2390
341 2389
341 2291
341 2226
341 2158
341 2157
341 2156
341 2155
341 2154
341 2153
341 2134
341 2012
341 2009
341 1467
341 1464
341 1316
341 1230
341 1165
341 1150
341 2528
341 2227
341 2013
341 1823
341 1223
341 1151
342 2611
342 2608
342 2610
342 2609
343 2583
343 1803
343 1522
343 1270
343 2584
343 1982
343 1804
343 1560
343 1271
344 1740
344 1736
344 1523
344 1735
344 1524
344 1522
345 2822
345 2498
345 2279
345 2096
345 2043
345 1996
345 1988
345 1890
345 1761
345 1726
345 1575
345 2499
345 2097
345 2044
345 1997
345 1987
345 1889
345 1888
345 1887
345 1760
345 1727
346 1767
346 1765
346 1762
346 1766
346 1764
346 1763
347 1681
347 1683
347 1682
348 1776
348 1779
348 1778
348 1777
349 2231
349 1772
349 2232
349 1775
349 1774
349 1773
350 2234
350 2233
350 1777
350 1773
350 1768
350 1776
350 1772
350 1771
350 1770
350 1769
351 1766
351 1764
351 1767
351 1765
352 1683
353 1775
353 1774
354 2232
354 1769
354 1763
354 1760
354 2231
354 1768
354 1762
354 1761
355 1779
355 1778
355 1771
355 1770
355 2234
355 2233
356 2103
356 2100
356 2098
356 2044
356 2002
356 1997
356 1614
356 1610
356 2099
356 2001
356 1998
356 1996
356 1615
356 1611
357 2097
357 2046
357 1889
357 1723
357 1170
357 2822
357 2357
357 2356
357 2355
357 2096
357 2045
357 2043
357 2032
357 2026
357 2025
357 2024
357 1890
357 1722
357 1645
357 1575
357 1169
357 1097
358 1987
358 1988
359 2582
359 2313
359 2307
359 2065
359 2058
359 1982
359 1560
359 1546
359 1522
359 1247
359 2858
359 2857
359 2828
359 2821
359 2695
359 2690
359 2688
359 2685
359 2684
359 2466
359 2311
359 2295
359 2291
359 2258
359 2246
359 2240
359 2128
359 2120
359 2110
359 2108
359 2090
359 2079
359 2078
359 2064
359 2059
359 2051
359 1965
359 1698
359 1684
359 1616
359 1597
359 1585
359 1578
359 1565
359 1557
359 1547
359 1537
359 1448
359 1442
359 1338
359 1317
359 1260
359 1246
359 1075
360 2064
360 2059
360 2065
360 2058
361 2852
361 2848
361 2836
361 2825
361 2818
361 2814
361 2804
361 2778
361 2777
361 2776
361 2770
361 2758
361 2756
361 2744
361 2731
361 2714
361 2676
361 2656
361 2650
361 2648
361 2595
361 2575
361 2563
361 2561
361 2558
361 2557
361 2555
361 2544
361 2524
361 2521
361 2502
361 2499
361 2491
361 2487
361 2483
361 2464
361 2459
361 2436
361 2428
361 2426
361 2417
361 2407
361 2403
361 2395
361 2386
361 2378
361 2375
361 2368
361 2367
361 2363
361 2324
361 2320
361 2317
361 2295
361 2260
361 2239
361 2231
361 2225
361 2220
361 2208
361 2190
361 2172
361 2170
361 2166
361 2164
361 2150
361 2146
361 2138
361 2119
361 2118
361 2112
361 2105
361 2102
361 2100
361 2095
361 2087
361 2078
361 2073
361 2071
361 2069
361 2067
361 2061
361 2060
361 2054
361 2048
361 2035
361 2025
361 2007
361 2005
361 1967
361 1962
361 1961
361 1959
361 1958
361 1940
361 1934
361 1932
361 1925
361 1915
361 1902
361 1892
361 1888
361 1887
361 1882
361 1879
361 1876
361 1861
361 1859
361 1858
361 1838
361 1831
361 1808
361 1798
361 1768
361 1762
361 1734
361 1730
361 1710
361 1708
361 1703
361 1679
361 1624
361 1562
361 1552
361 1545
361 1514
361 1513
361 1512
361 1501
361 1494
361 1483
361 1469
361 1458
361 1456
361 1455
361 1432
361 1426
361 1420
361 1410
361 1405
361 1354
361 1348
361 1333
361 1329
361 1284
361 1282
361 1280
361 1278
361 1265
361 1264
361 1262
361 1254
361 1250
361 1246
361 1239
361 1236
361 1232
361 1217
361 1214
361 1209
361 1182
361 1179
361 1162
361 1153
361 1151
361 1147
361 1144
361 1133
361 1123
361 1121
361 1117
361 1113
361 1083
361 1081
361 1066
361 1059
361 2851
361 2847
361 2841
361 2840
361 2838
361 2827
361 2826
361 2819
361 2817
361 2813
361 2803
361 2784
361 2779
361 2773
361 2767
361 2759
361 2757
361 2755
361 2754
361 2745
361 2743
361 2742
361 2737
361 2736
361 2734
361 2733
361 2730
361 2727
361 2719
361 2718
361 2717
361 2716
361 2715
361 2704
361 2675
361 2673
361 2672
361 2655
361 2649
361 2647
361 2640
361 2607
361 2596
361 2585
361 2574
361 2562
361 2560
361 2559
361 2556
361 2554
361 2553
361 2545
361 2543
361 2542
361 2523
361 2522
361 2501
361 2500
361 2498
361 2490
361 2486
361 2482
361 2463
361 2458
361 2455
361 2435
361 2434
361 2433
361 2432
361 2431
361 2430
361 2429
361 2427
361 2416
361 2406
361 2402
361 2394
361 2385
361 2377
361 2376
361 2374
361 2369
361 2366
361 2362
361 2353
361 2333
361 2326
361 2323
361 2319
361 2316
361 2314
361 2312
361 2301
361 2300
361 2299
361 2298
361 2297
361 2287
361 2286
361 2285
361 2278
361 2277
361 2259
361 2258
361 2245
361 2244
361 2238
361 2232
361 2224
361 2219
361 2202
361 2189
361 2171
361 2169
361 2165
361 2163
361 2149
361 2145
361 2142
361 2137
361 2127
361 2126
361 2117
361 2113
361 2111
361 2108
361 2104
361 2103
361 2101
361 2099
361 2094
361 2092
361 2091
361 2086
361 2072
361 2070
361 2068
361 2066
361 2055
361 2050
361 2049
361 2047
361 2044
361 2043
361 2034
361 2033
361 2032
361 2027
361 2026
361 2017
361 2016
361 2006
361 1998
361 1991
361 1968
361 1960
361 1939
361 1928
361 1924
361 1920
361 1916
361 1914
361 1903
361 1891
361 1883
361 1878
361 1862
361 1860
361 1857
361 1852
361 1837
361 1834
361 1830
361 1807
361 1801
361 1799
361 1797
361 1769
361 1763
361 1745
361 1733
361 1709
361 1707
361 1704
361 1699
361 1680
361 1676
361 1675
361 1671
361 1670
361 1668
361 1664
361 1663
361 1623
361 1606
361 1603
361 1600
361 1596
361 1595
361 1593
361 1589
361 1579
361 1568
361 1567
361 1563
361 1561
361 1559
361 1553
361 1544
361 1543
361 1540
361 1536
361 1535
361 1502
361 1495
361 1488
361 1468
361 1467
361 1466
361 1465
361 1463
361 1462
361 1461
361 1460
361 1459
361 1454
361 1450
361 1447
361 1446
361 1445
361 1444
361 1435
361 1430
361 1425
361 1419
361 1413
361 1404
361 1385
361 1384
361 1366
361 1363
361 1362
361 1355
361 1349
361 1336
361 1332
361 1326
361 1316
361 1312
361 1288
361 1285
361 1283
361 1281
361 1279
361 1257
361 1253
361 1249
361 1247
361 1238
361 1237
361 1235
361 1231
361 1218
361 1213
361 1210
361 1199
361 1192
361 1191
361 1188
361 1181
361 1180
361 1166
361 1161
361 1158
361 1152
361 1150
361 1146
361 1132
361 1126
361 1125
361 1124
361 1122
361 1120
361 1116
361 1115
361 1114
361 1103
361 1100
361 1096
361 1084
361 1082
361 1074
361 1073
361 1072
361 1071
361 1070
361 1069
361 1068
361 1067
361 1065
361 1064
361 1063
361 1061
361 1058
362 2704
362 2684
362 2640
362 1926
362 1729
362 1717
362 2061
362 2060
362 1927
363 2454
363 2452
363 2450
363 2448
363 2446
363 2444
363 2442
363 2440
363 2437
363 2453
363 2451
363 2449
363 2447
363 2445
363 2443
363 2441
363 2439
363 2438
364 2453
364 2451
364 2449
364 2447
364 2445
364 2443
364 2441
364 2439
364 2438
364 2454
364 2452
364 2450
364 2448
364 2446
364 2444
364 2442
364 2440
364 2437
365 2307
366 2307
366 2063
367 2655
368 1169
368 1168
368 1170
368 1167
369 2544
369 2102
369 2097
369 2001
369 1635
369 1334
369 2545
369 2101
369 2096
369 2002
369 1636
369 1335
370 2834
370 1576
371 1564
371 2330
371 2325
371 2108
371 2079
372 2219
372 1309
372 1063
372 2220
372 2129
372 2128
372 1310
373 2705
373 1992
373 2706
374 2727
375 1224
375 1219
375 1218
375 1225
375 1220
375 1217
376 1424
376 1423
377 1342
377 1343
377 1339
378 2787
378 2326
378 2266
378 2131
378 1433
378 1315
378 2786
378 2265
378 2132
378 1434
378 1314
378 1313
378 1311
379 1311
380 2285
381 1343
381 1342
381 1337
382 1539
382 1351
382 1944
382 1543
382 1361
382 1360
382 1359
382 1350
382 1345
382 1344
383 1944
383 1541
383 1943
383 1539
384 1344
385 1408
385 1392
385 1409
385 1393
385 1385
385 1383
386 1383
387 2538
387 2097
387 1943
387 1549
387 1409
387 1401
387 1393
387 1391
387 1387
387 1385
387 1188
387 2537
387 2096
387 1548
387 1541
387 1416
387 1411
387 1408
387 1400
387 1392
387 1390
387 1389
387 1388
387 1386
387 1384
388 1418
388 1399
388 1397
388 1394
388 1180
388 1417
388 1398
388 1396
388 1395
388 1179
389 1388
390 1943
390 1538
390 1542
390 1541
391 2666
391 2665
391 2661
391 2658
391 2420
391 2085
391 2667
391 2664
391 2662
391 2273
391 2084
391 1949
391 1568
391 1567
391 1566
392 1566
393 2667
393 2664
393 2666
393 2665
393 1561
393 1521
394 1819
394 1818
394 1637
395 1641
395 1637
395 1640
396 1818
396 1819
396 1817
397 1817
397 1640
397 1639
397 1641
397 1638
398 2837
398 2739
398 2713
398 2636
398 2634
398 2632
398 2630
398 2598
398 2588
398 2587
398 2569
398 2564
398 2543
398 2542
398 2523
398 2361
398 2103
398 2099
398 2068
398 2039
398 2032
398 2026
398 1978
398 1970
398 1957
398 1955
398 1952
398 1946
398 1938
398 1928
398 1816
398 1814
398 1812
398 1809
398 1807
398 1797
398 1780
398 1540
398 1510
398 1504
398 1482
398 1478
398 1433
398 1413
398 1407
398 1392
398 1386
398 1364
398 1357
398 1356
398 1348
398 1346
398 1184
398 1163
398 1148
398 1142
398 1135
398 1113
398 1099
398 1058
398 2738
398 2712
398 2635
398 2633
398 2631
398 2629
398 2597
398 2586
398 2570
398 2568
398 2565
398 2524
398 2360
398 2100
398 2069
398 2038
398 1977
398 1969
398 1966
398 1965
398 1956
398 1954
398 1953
398 1951
398 1949
398 1945
398 1937
398 1933
398 1932
398 1931
398 1815
398 1813
398 1811
398 1810
398 1808
398 1798
398 1781
398 1509
398 1503
398 1491
398 1479
398 1434
398 1406
398 1393
398 1387
398 1365
398 1358
398 1349
398 1347
398 1183
398 1164
398 1149
398 1143
398 1134
398 1114
398 1059
399 1958
399 1936
399 1934
399 1935
400 1972
400 1969
400 1971
400 1970
401 2524
401 2521
401 1971
401 1968
401 1349
401 1346
401 2523
401 2522
401 1972
401 1967
401 1348
401 1347
402 2565
402 2100
402 1956
402 1781
402 1491
402 1479
402 1393
402 2837
402 2739
402 2564
402 2543
402 2542
402 2103
402 2099
402 1957
402 1930
402 1929
402 1928
402 1780
402 1540
402 1482
402 1478
402 1413
402 1392
402 1099
403 2739
403 1929
404 1933
404 1934
405 2738
405 2739
406 1953
406 1958
407 2144
407 2143
408 2562
408 2075
408 1435
408 1191
408 2563
408 2077
408 2076
408 2074
409 2563
409 2560
409 2562
409 2561
410 2568
410 2561
410 2569
410 2560
411 2076
412 2089
412 2086
412 2083
412 2088
412 2087
412 2082
413 2081
413 1422
413 1417
413 1398
413 1396
413 2080
413 1421
413 1418
413 1399
413 1397
414 2712
414 2713
414 2093
415 2093
416 2360
416 2132
416 2361
416 2131
416 2130
417 2130
418 1187
418 2212
418 2211
418 2210
418 2208
419 2211
420 2218
420 2217
421 2227
421 1991
421 1234
421 1231
421 2228
421 2226
421 1233
421 1232
422 2088
422 2082
422 1807
422 1199
422 2244
422 2243
422 2242
422 2089
422 2083
422 1808
423 1809
423 1810
424 2245
425 2242
426 1939
426 1543
426 1542
426 1347
426 1345
426 2380
426 2379
426 1940
426 1538
426 1360
426 1346
427 1503
427 2462
427 2461
427 1504
428 2461
429 1975
429 1973
429 2530
429 2529
429 2526
429 2525
429 1976
429 1974
430 2285
431 2530
432 2616
432 2613
432 2615
432 2614
433 2618
433 2615
433 2617
433 2616
434 2206
434 1341
434 1339
434 2207
434 1340
435 2656
436 2673
436 2671
436 2668
436 1489
436 1473
436 1425
436 1132
436 2674
436 2672
436 2670
436 2669
436 2657
436 1484
436 1472
436 1426
436 1133
437 2674
437 2656
438 2683
438 2681
438 2682
438 2680
439 2725
439 2719
439 2717
439 1419
439 2726
439 2724
439 2718
439 2716
439 2707
439 2705
439 1420
440 2726
441 1484
441 2769
441 2768
441 2767
441 1489
442 2769
443 1509
443 2775
443 2774
443 1510
444 2775
445 2597
445 2265
445 2856
445 2598
445 2266
446 2856
447 2205
447 2204
448 2217
448 2214
448 2204
448 2218
448 2213
448 2205
448 2203
449 2216
449 2213
449 2215
449 2214
450 2207
450 2203
450 2206
451 1404
451 1186
451 1181
451 1405
451 1185
451 1182
452 2142
453 2142
454 2236
454 2230
454 1733
454 2237
454 2235
454 2229
454 1734
455 1102
455 1100
455 2258
455 2246
455 1101
456 1370
457 2640
458 2854
458 2850
458 2790
458 2722
458 2680
458 2679
458 2605
458 2587
458 2570
458 2563
458 2523
458 2489
458 2485
458 2472
458 2409
458 2405
458 2397
458 2388
458 2382
458 2371
458 2365
458 2331
458 2313
458 2312
458 2307
458 2295
458 2292
458 2291
458 2289
458 2288
458 2284
458 2282
458 2256
458 2253
458 2220
458 2196
458 2194
458 2192
458 2168
458 2152
458 2148
458 2102
458 2056
458 2023
458 2015
458 2008
458 1973
458 1880
458 1871
458 1831
458 1820
458 1796
458 1778
458 1774
458 1770
458 1764
458 1742
458 1732
458 1730
458 1728
458 1721
458 1719
458 1630
458 1619
458 1555
458 1508
458 1475
458 1428
458 1417
458 1415
458 1413
458 1398
458 1382
458 1374
458 1368
458 1355
458 1349
458 1309
458 1306
458 1280
458 1234
458 1225
458 1219
458 1209
458 1198
458 1146
458 1144
458 1137
458 1121
458 1117
458 1088
458 2853
458 2849
458 2791
458 2723
458 2705
458 2681
458 2678
458 2604
458 2586
458 2562
458 2524
458 2488
458 2484
458 2471
458 2408
458 2404
458 2396
458 2387
458 2381
458 2370
458 2364
458 2308
458 2299
458 2297
458 2296
458 2293
458 2290
458 2283
458 2281
458 2257
458 2255
458 2254
458 2233
458 2219
458 2195
458 2193
458 2191
458 2167
458 2151
458 2147
458 2101
458 2057
458 2022
458 2014
458 2010
458 1974
458 1901
458 1881
458 1872
458 1843
458 1830
458 1821
458 1795
458 1765
458 1741
458 1731
458 1720
458 1718
458 1666
458 1629
458 1620
458 1554
458 1507
458 1474
458 1465
458 1418
458 1399
458 1373
458 1371
458 1367
458 1354
458 1348
458 1310
458 1305
458 1281
458 1233
458 1224
458 1220
458 1210
458 1197
458 1147
458 1136
458 1124
458 1120
458 1089
458 1087
458 1063
458 1062
458 1061
458 1060
459 2853
459 2849
459 2791
459 2723
459 2705
459 2681
459 2678
459 2604
459 2586
459 2562
459 2524
459 2488
459 2484
459 2471
459 2408
459 2404
459 2396
459 2387
459 2381
459 2370
459 2364
459 2308
459 2293
459 2290
459 2283
459 2281
459 2257
459 2255
459 2254
459 2233
459 2219
459 2195
459 2193
459 2191
459 2167
459 2151
459 2147
459 2101
459 2057
459 2022
459 2014
459 2010
459 1974
459 1901
459 1881
459 1872
459 1843
459 1830
459 1821
459 1795
459 1765
459 1741
459 1731
459 1720
459 1718
459 1629
459 1620
459 1554
459 1507
459 1474
459 1465
459 1399
459 1373
459 1371
459 1367
459 1354
459 1348
459 1310
459 1305
459 1281
459 1233
459 1220
459 1210
459 1197
459 1147
459 1136
459 1124
459 1120
459 1089
459 1087
459 1063
459 1062
459 1061
459 1060
459 2854
459 2850
459 2790
459 2722
459 2680
459 2679
459 2605
459 2587
459 2563
459 2523
459 2489
459 2485
459 2472
459 2409
459 2405
459 2397
459 2388
459 2382
459 2371
459 2365
459 2295
459 2292
459 2291
459 2289
459 2288
459 2284
459 2282
459 2256
459 2253
459 2220
459 2196
459 2194
459 2192
459 2168
459 2152
459 2148
459 2102
459 2056
459 2023
459 2015
459 2008
459 1973
459 1880
459 1871
459 1831
459 1820
459 1796
459 1778
459 1774
459 1770
459 1764
459 1742
459 1732
459 1730
459 1728
459 1721
459 1719
459 1630
459 1619
459 1555
459 1508
459 1475
459 1428
459 1398
459 1382
459 1374
459 1368
459 1355
459 1349
459 1309
459 1306
459 1280
459 1234
459 1219
459 1209
459 1198
459 1146
459 1144
459 1137
459 1121
459 1117
459 1088
460 2815
460 2788
460 2728
460 2710
460 2682
460 2666
460 2661
460 2593
460 2582
460 2428
460 2311
460 2309
460 2308
460 2305
460 2304
460 2303
460 2296
460 2269
460 2251
460 2143
460 2030
460 2028
460 2015
460 2001
460 1975
460 1971
460 1958
460 1941
460 1934
460 1858
460 1842
460 1840
460 1824
460 1805
460 1779
460 1775
460 1771
460 1766
460 1705
460 1683
460 1617
460 1522
460 1514
460 1513
460 1512
460 1396
460 1394
460 1381
460 1289
460 1282
460 1269
460 1242
460 1241
460 1175
460 1160
460 1139
460 1123
460 1113
460 1108
460 1099
460 2816
460 2789
460 2729
460 2711
460 2683
460 2667
460 2662
460 2594
460 2429
460 2312
460 2310
460 2306
460 2270
460 2252
460 2234
460 2144
460 2031
460 2029
460 2014
460 2002
460 1981
460 1976
460 1972
460 1942
460 1873
460 1857
460 1841
460 1839
460 1825
460 1767
460 1706
460 1618
460 1466
460 1397
460 1395
460 1290
460 1283
460 1243
460 1240
460 1192
460 1176
460 1159
460 1138
460 1125
460 1122
460 1114
460 1107
460 1090
461 2816
461 2789
461 2729
461 2711
461 2683
461 2667
461 2662
461 2594
461 2429
461 2310
461 2306
461 2270
461 2252
461 2234
461 2144
461 2031
461 2029
461 2014
461 2002
461 1981
461 1976
461 1972
461 1942
461 1873
461 1857
461 1841
461 1839
461 1825
461 1767
461 1706
461 1618
461 1466
461 1418
461 1397
461 1395
461 1290
461 1283
461 1243
461 1240
461 1224
461 1192
461 1176
461 1159
461 1138
461 1125
461 1122
461 1114
461 1107
461 1090
461 2815
461 2788
461 2728
461 2710
461 2682
461 2666
461 2661
461 2593
461 2582
461 2428
461 2313
461 2311
461 2309
461 2308
461 2307
461 2305
461 2304
461 2303
461 2269
461 2251
461 2143
461 2030
461 2028
461 2015
461 2001
461 1975
461 1971
461 1958
461 1941
461 1934
461 1858
461 1842
461 1840
461 1824
461 1805
461 1779
461 1775
461 1771
461 1766
461 1705
461 1683
461 1617
461 1522
461 1514
461 1513
461 1512
461 1417
461 1396
461 1394
461 1381
461 1289
461 1282
461 1269
461 1242
461 1241
461 1225
461 1175
461 1160
461 1139
461 1123
461 1113
461 1108
461 1099
462 2753
463 2827
463 2819
463 2767
463 2727
463 2718
463 2716
463 2704
463 2675
463 2672
463 2512
463 2300
463 2298
463 2091
463 2086
463 2074
463 2066
463 2049
463 2001
463 1994
463 1960
463 1957
463 1954
463 1928
463 1878
463 1675
463 1603
463 1596
463 1595
463 1593
463 1589
463 1579
463 1568
463 1567
463 1563
463 1561
463 1536
463 1451
463 1409
463 1390
463 1385
463 1384
463 1366
463 1363
463 1352
463 1332
463 1316
463 1253
463 1249
463 1116
463 1115
463 1114
463 1065
463 2719
463 2717
463 2676
463 2673
463 2511
463 2330
463 2098
463 2087
463 2075
463 2067
463 2002
463 1956
463 1955
463 1879
463 1676
463 1500
463 1452
463 1415
463 1408
463 1391
463 1353
463 1333
463 1254
463 1250
463 1113
463 1066
464 2646
464 2526
464 2467
464 2422
464 2325
464 2241
464 2228
464 1966
464 1822
464 1416
465 2684
465 2294
465 2061
465 1927
465 2772
465 2771
465 2704
465 2640
465 2295
465 2208
465 1964
465 1962
465 1926
465 1729
465 1717
465 1514
465 1513
465 1512
465 1144
465 1127
465 1117
466 2684
467 1410
467 1412
468 1245
468 1242
468 1216
468 1213
468 1244
468 1243
468 1215
468 1214
469 1645
469 1646
470 1649
471 1649
472 2732
472 2693
472 2692
473 2082
473 2083
474 2698
474 2732
475 2692
475 2770
475 2693
476 2835
476 2834
476 2813
476 2805
476 2785
476 2780
476 2518
476 2516
476 2513
476 2279
476 2109
476 1855
476 1832
476 1577
476 1576
476 2814
476 2781
476 2778
476 2777
476 2776
476 2517
476 2515
476 2514
476 1856
476 1833
477 2781
477 2780
477 2779
478 2784
479 2784
480 1830
480 1829
480 1831
480 1828
481 2798
481 2791
481 2789
481 2799
481 2790
481 2788
482 1788
482 1789
483 2812
483 2799
483 1789
483 1786
483 2811
483 2805
483 2798
483 2785
483 1788
483 1787
484 2814
484 2811
484 2813
484 2812
485 2790
485 2788
485 2787
485 2791
485 2789
485 2786
486 2797
486 2786
486 2796
486 2787
487 2794
487 2793
487 2795
487 2792
488 2796
488 2795
488 2797
488 2794
489 2792
489 2793
490 2802
490 2801
491 2807
491 1869
491 1867
491 1865
491 2806
491 1870
491 1868
491 1866
492 1828
492 1829
493 1868
493 1866
493 1856
493 1853
493 1832
493 1831
493 2109
493 1867
493 1865
493 1855
493 1854
493 1833
493 1830
494 2835
494 2834
494 2833
494 2832
494 2831
494 2830
494 2829
494 2824
494 2822
494 2806
494 2801
494 2779
494 2514
494 2510
494 1556
494 1103
494 1096
494 2807
494 2802
494 2513
495 2517
495 2515
495 2512
495 1870
495 1854
495 1833
495 1787
495 1563
495 1104
495 2837
495 2836
495 2835
495 2518
495 2516
495 2511
495 2357
495 2356
495 2355
495 1869
495 1853
495 1832
495 1786
495 1645
495 1577
495 1097
495 1095
496 2838
497 2571
497 2101
497 2100
497 2572
497 2103
497 2102
497 2099
497 2098
498 2687
498 2685
499 2548
499 2550
499 2549
500 2686
500 2688
500 2687
501 1940
501 1937
501 1939
501 1938
502 1353
502 1350
502 1352
502 1351
503 1354
503 1356
503 1355
504 1358
504 1352
504 1357
504 1353
505 2209
506 2208
506 2209
507 2689
507 2690
508 2566
508 2557
508 2567
508 2556
509 1487
509 1485
509 1490
509 1486
510 2287
511 2286
512 2286
513 2287
514 2287
514 2286
515 1462
516 2785
516 1792
516 1787
516 1784
516 1793
516 1786
516 1785
517 2805
517 2800
518 2324
518 2321
518 2323
518 2322
519 2326
520 2326
521 1407
521 1402
521 1406
521 1403
522 1948
522 1945
522 1947
522 1946
523 1947
523 1942
523 1948
523 1941
524 1941
524 1938
524 1942
524 1937
525 1406
525 1405
525 1407
525 1404
526 2315
527 2322
527 2317
527 2315
527 1785
527 1782
527 2321
527 2316
527 1784
527 1783
528 2813
528 2327
528 2323
528 2320
528 2814
528 2810
528 2324
528 2319
529 2801
529 2805
529 2802
530 2285
531 1553
531 1548
531 1552
531 1549
532 1366
532 1363
533 2072
533 2067
533 2073
533 2066
534 1810
534 1809
535 1168
535 1167
536 1166
537 1172
537 1167
537 1171
537 1168
538 1171
538 1172
538 1166
539 2245
540 1954
540 1955
541 2622
541 2334
541 2333
542 1184
542 1177
542 1183
542 1178
543 1183
543 1182
543 1184
543 1181
544 2670
544 2671
544 2573
545 1701
545 1702
546 2657
546 2663
546 2658
547 1715
547 1716
548 1134
548 1133
548 1135
548 1132
549 2676
549 2085
549 2080
549 2675
549 2084
549 2081
550 2124
550 1989
550 2123
550 1990
551 2766
551 2765
551 2762
551 2747
551 2746
551 2623
551 2519
551 1980
551 1979
551 1644
551 1643
551 1642
551 1517
551 1516
551 1515
551 1497
551 1174
551 1173
551 2624
552 2639
552 2624
552 2244
552 2766
552 2765
552 2762
552 2747
552 2746
552 2638
552 2623
552 2519
552 1980
552 1979
552 1644
552 1643
552 1642
552 1517
552 1516
552 1515
552 1497
552 1174
552 1173
553 1370
553 1369
554 1994
555 2844
555 2855
555 2845
556 2133
556 2141
557 1111
557 1110
557 1112
557 1109
558 2665
558 2663
558 2660
558 2664
558 2659
559 1511
559 1492
560 2176
560 2173
560 2175
560 2174
561 2179
561 2180
561 2155
562 2177
562 2178
562 2154
563 2190
563 2183
563 2189
563 2184
564 1239
564 1236
564 1238
564 1237
565 2495
565 2492
565 2494
565 2493
566 2473
566 2481
566 2474
567 2475
567 2477
567 2476
568 2478
568 2480
568 2479
569 2344
569 2337
569 2345
569 2338
569 2336
570 2344
570 2337
570 2345
570 2338
570 2336
571 2342
571 2339
571 2341
571 2340
572 2340
572 2336
572 2339
573 2341
573 2343
573 2342
573 2335
574 1650
575 2337
575 2338
575 2335
576 2345
576 2343
576 2338
576 2335
576 2344
576 2337
577 1674
578 2795
578 1185
578 2794
578 1187
578 1186
579 2400
579 2161
579 2401
579 2162
579 2157
580 1494
580 1496
580 1495
581 1499
581 1496
581 1498
582 1480
582 2042
582 1481
583 1145
583 1144
584 1510
584 1507
584 2772
584 1509
584 1508
585 1158
586 1158
587 2353
588 2352
589 2354
590 2352
591 2354
592 2143
592 2017
592 2016
592 2015
592 2013
592 1921
592 1836
592 1619
592 1617
592 1445
592 1444
592 2144
592 2014
592 2012
592 2009
592 1922
592 1899
592 1897
592 1896
592 1835
592 1620
592 1618
593 2164
593 2155
593 2163
594 2170
594 2154
594 2169
595 2172
595 2153
595 2171
596 2175
596 2166
596 2176
596 2165
597 2483
597 2481
597 2482
598 2487
598 2477
598 2486
599 2491
599 2480
599 2490
600 2158
600 1217
600 1214
600 1223
600 1218
600 1213
601 2494
601 2392
601 2386
601 2495
601 2385
602 2156
602 2146
602 2145
603 2403
603 2391
603 2402
604 2157
604 2150
604 2149
605 2407
605 2389
605 2406
606 2417
606 2390
606 2416
607 2395
607 2393
607 2394
608 2839
609 2838
610 2838
610 2839
611 2841
612 2839
612 2840
613 2840
613 2841
614 2841
615 2839
616 2707
616 1741
616 1423
616 1209
616 1208
616 1198
616 2725
616 1742
616 1424
616 1210
616 1207
616 1197
616 1192
617 2784
617 2663
617 2658
617 2585
617 2316
617 1939
617 1528
617 1526
617 1404
617 1227
617 1210
617 1206
617 1195
617 1192
617 2317
617 1940
617 1529
617 1527
617 1405
617 1226
617 1209
617 1205
617 1196
618 2773
618 2139
618 2140
619 1243
619 1225
619 1221
619 1220
619 1242
619 1224
619 1222
619 1219
620 1196
620 1193
620 1195
620 1194
621 2628
621 2626
621 2588
621 2492
621 2478
621 2473
621 2414
621 2412
621 2410
621 2400
621 2383
621 2363
621 2185
621 2183
621 2181
621 2179
621 2177
621 2173
621 2161
621 2139
621 1990
621 1946
621 1793
621 1783
621 1530
621 1529
621 1403
621 1226
621 1222
621 1205
621 1197
621 1194
621 2694
621 2689
621 2687
621 2686
621 2657
621 2627
621 2625
621 2493
621 2479
621 2474
621 2415
621 2413
621 2411
621 2401
621 2384
621 2374
621 2362
621 2209
621 2186
621 2184
621 2182
621 2180
621 2178
621 2174
621 2162
621 2140
621 2124
621 1992
621 1991
621 1945
621 1792
621 1782
621 1531
621 1528
621 1443
621 1402
621 1248
621 1235
621 1227
621 1221
621 1206
621 1198
621 1193
622 1898
622 1897
623 1189
623 1190
624 2532
624 1664
624 1583
624 1331
624 1326
624 1258
624 1257
624 1256
624 1250
624 2531
624 1584
624 1330
624 1329
624 1259
624 1255
624 1249
625 2314
625 1259
625 1255
625 1254
625 1068
625 1260
625 1258
625 1257
625 1256
625 1253
626 2424
626 1189
626 2425
626 1190
627 1173
628 2096
628 2095
628 2097
628 2094
629 2644
629 2641
629 2643
629 2642
630 1270
630 1271
631 1317
632 1199
632 1191
632 1188
633 2706
633 2704
634 1188
635 1191
636 1199
637 2470
638 1725
638 1724
639 1203
639 1202
640 1724
640 1201
640 1725
640 1200
641 1200
641 1201
642 1202
642 1204
642 1203
643 1914
643 1916
643 1915
644 1500
644 1490
644 1482
644 1491
644 1485
645 1190
645 1189
646 1267
646 1266
647 1338
648 2313
649 2313
649 1380
650 2809
650 2808
651 2800
651 2803
652 2808
652 2807
652 2803
652 2802
652 2809
652 2806
652 2801
653 1447
654 1447
655 1467
655 1466
655 1465
655 1441
656 1464
656 1467
656 1466
656 1465
657 2590
657 2509
657 2136
657 1544
657 1437
657 1247
657 2589
657 2508
657 2135
657 1547
657 1546
657 1545
657 1436
657 1248
657 1246
658 1440
658 1439
659 1444
660 2199
660 2200
661 1226
661 1227
662 2185
662 1227
662 1223
662 2186
662 2158
662 1226
663 2024
664 2181
664 2182
664 2156
665 1436
665 1438
665 1437
666 1549
666 1542
666 1540
666 1452
666 1438
666 1548
666 1538
666 1451
667 1439
667 1440
668 2434
668 2433
668 2432
668 2431
668 2430
668 2202
669 2456
670 1435
671 1459
671 1460
672 1461
672 1459
673 1116
673 1115
674 2016
674 1464
675 1462
676 1463
676 1462
677 1463
678 1702
678 1519
678 1506
678 1491
678 1479
678 1477
678 1518
678 1505
678 1500
678 1482
678 1478
678 1476
679 1647
679 1654
680 1529
680 1527
680 1523
680 1237
680 1235
680 1528
680 1526
680 1524
680 1236
681 1740
682 1559
683 1559
684 1963
684 1964
685 1437
685 1537
685 1436
686 2087
686 2084
686 2086
686 2085
687 1070
687 1579
687 1577
687 1576
687 1575
687 1574
687 1573
687 1572
687 1571
687 1570
687 1569
687 1565
688 1535
688 1578
688 1536
689 2829
689 1690
689 1688
689 1587
689 1586
689 1570
689 1265
689 1264
689 1262
689 1691
689 1689
689 1588
689 1263
690 1588
690 1587
691 1691
691 1689
691 1432
691 1263
691 2842
691 2829
691 1690
691 1688
691 1669
691 1652
691 1646
691 1586
691 1570
692 2830
692 1591
692 1590
692 1571
692 1458
692 1456
692 1455
692 1592
692 1457
693 1593
693 1591
694 1562
694 1457
694 2842
694 2830
694 1672
694 1667
694 1652
694 1646
694 1596
694 1590
694 1571
695 2831
695 2820
695 1888
695 1887
695 1604
695 1602
695 1572
695 1605
695 1601
696 1605
696 1604
697 2025
697 1601
697 2842
697 2831
697 2820
697 1802
697 1652
697 1646
697 1606
697 1602
697 1572
698 2832
698 1691
698 1688
698 1686
698 1678
698 1573
698 1690
698 1689
698 1687
698 1677
699 1826
699 1825
699 1827
699 1824
700 1827
700 1682
700 1679
700 1292
700 1288
700 1826
700 1681
700 1680
700 1291
701 1291
701 1290
701 1292
701 1289
702 1824
702 1289
702 1825
702 1290
703 1680
703 1286
703 1679
703 1288
703 1287
704 1694
704 1689
704 1687
704 1685
704 1700
704 1688
704 1686
705 2770
705 1690
705 1677
705 1287
705 2842
705 2832
705 1691
705 1678
705 1652
705 1646
705 1573
705 1286
706 2833
706 2778
706 2777
706 2776
706 1695
706 1693
706 1574
706 1692
707 2820
707 1700
707 1699
707 1594
707 1593
707 1695
707 1694
708 2836
708 1692
708 1596
708 2833
708 1699
708 1693
708 1574
709 2841
710 1414
710 2570
710 1415
710 1413
711 2412
711 2413
711 2392
712 1584
712 1333
712 1330
712 1585
712 1583
712 1582
712 1332
712 1331
713 1597
713 1595
714 1608
714 1606
714 1616
714 1609
714 1607
715 1634
715 1631
715 1332
715 1633
715 1632
715 1333
716 1661
716 1659
716 1657
716 1662
716 1660
716 1658
717 1696
717 1599
717 1595
717 2820
717 1698
717 1697
717 1598
717 1594
718 2421
718 2275
718 2276
719 1450
719 1449
720 2470
721 2468
721 2469
722 2855
722 2141
722 1990
722 1630
722 1109
722 1106
722 2124
722 1629
722 1110
722 1105
723 1266
723 1267
724 2309
724 2310
725 1994
726 2037
726 2034
726 2036
726 2035
727 2035
727 2033
727 2034
728 2032
728 2033
729 2041
729 2036
729 2040
729 2037
730 2042
730 2039
730 2038
731 1600
732 1600
733 2806
733 2807
734 1674
734 1666
735 1653
736 1668
737 1664
738 2842
738 1802
738 1672
738 1669
738 1667
738 1666
739 1799
739 1668
739 1664
739 1800
739 1665
740 1671
740 1673
741 1665
741 1663
742 1800
742 1673
742 1801
742 1670
743 1663
743 1669
743 1667
744 1801
744 1670
744 1802
744 1672
745 1674
746 1671
747 2841
747 2842
748 1727
748 1722
748 1726
748 1723
749 1727
749 1202
749 1726
749 1203
750 1725
750 1722
750 1724
750 1723
751 1726
751 1723
751 1727
751 1722
752 1736
752 1735
753 2440
753 2439
754 2439
754 2440
755 2442
755 2441
756 2441
756 2442
757 2444
757 2443
758 2443
758 2654
758 2444
759 2654
760 2446
760 2445
761 2445
761 2446
762 2448
762 2447
763 2447
763 2448
764 2450
764 2449
765 2449
765 2450
766 2452
766 2451
767 2451
767 2452
768 2454
768 2453
769 2453
769 2454
770 1734
770 1733
771 1742
771 1741
772 2017
773 1728
773 1060
774 1269
774 1268
775 1803
775 1804
776 2585
777 2060
777 1626
777 2129
777 1625
778 1812
778 1811
779 1737
779 1740
779 1739
779 1738
779 1736
779 1735
780 1738
780 1735
780 1737
780 1736
781 1737
781 1736
781 1738
781 1735
782 1806
782 1805
783 2582
783 2581
784 1271
784 1269
784 1270
785 2585
786 2129
786 1625
786 2060
786 1626
787 1811
787 1812
788 1805
788 1804
788 1803
789 2584
789 2582
789 2583
790 1600
791 2350
791 2337
791 2351
791 2338
792 2640
792 1796
792 1795
793 2069
793 2066
793 2068
793 2067
794 1808
794 1807
795 1815
795 1816
796 2773
796 2540
796 2094
796 1539
796 1390
796 1384
796 1232
796 1230
796 2541
796 2095
796 1944
796 1823
796 1822
796 1411
796 1391
796 1231
797 1925
797 1924
798 1892
798 1891
799 1894
799 1893
800 2776
800 1887
800 1455
801 2661
801 2660
801 2305
801 2292
801 2256
801 1950
801 1797
801 1796
801 1628
801 1623
801 2662
801 2659
801 2306
801 2293
801 2255
801 1798
801 1795
801 1627
801 1624
802 2250
802 2247
802 2249
802 2248
803 2662
803 2659
803 2661
803 2660
804 2456
804 1922
804 1891
804 1445
804 2010
804 2007
804 1923
804 1921
804 1892
805 2010
805 2011
806 2617
806 2215
806 2019
806 2014
806 2013
806 2011
806 2009
806 1906
806 1638
806 1622
806 1620
806 1618
806 1298
806 1295
806 2618
806 2216
806 2020
806 2015
806 2012
806 1907
806 1639
806 1621
806 1619
806 1617
806 1410
806 1297
806 1296
807 2017
808 1444
808 1445
809 2707
809 2640
809 2549
809 1426
809 1423
809 2725
809 2548
809 1995
809 1993
809 1992
809 1950
809 1425
809 1424
810 1918
810 1914
810 1917
810 1915
811 1848
811 1849
812 1920
813 1919
814 1851
814 1850
815 1850
815 1849
815 1851
815 1848
816 1917
816 1919
816 1918
817 1919
817 1920
818 1915
818 1914
819 2220
819 2215
819 2036
819 1731
819 1730
819 1060
819 2219
819 2216
819 2037
819 1732
819 1728
819 1061
820 1732
820 1061
820 1731
820 1730
820 1729
821 1993
822 2106
822 1729
822 1154
822 2107
822 1991
822 1983
822 1155
823 2761
823 2749
823 2740
823 2050
823 1999
823 1615
823 1613
823 1607
823 2049
823 2000
823 1614
823 1612
823 1608
824 2000
824 1998
824 1612
824 1611
824 1072
824 2051
824 2050
824 1999
824 1613
824 1610
825 1560
825 2062
826 2772
826 2771
827 1960
827 1961
828 2104
828 1633
828 1335
828 1251
828 1249
828 2105
828 2090
828 1634
828 1631
828 1334
828 1252
828 1250
829 1411
829 2091
829 1410
830 2092
831 2092
832 2767
833 1648
833 1650
834 1171
834 1170
834 1172
834 1169
835 1170
835 1169
836 1166
837 1170
837 1167
837 1169
837 1168
838 2105
838 1636
838 1253
838 1252
838 2104
838 1635
838 1254
838 1251
839 1652
839 1647
840 1524
840 1525
840 1523
841 2855
841 2846
842 1476
842 1469
842 1493
842 1477
842 1468
843 2107
843 1241
843 1238
843 2106
843 1240
843 1239
844 1894
844 2760
844 2748
844 2741
844 1893
845 2141
845 2134
846 1504
846 1501
846 1503
846 1502
847 2845
847 2598
847 2595
847 2363
847 2268
847 2266
847 2844
847 2597
847 2596
847 2374
847 2362
847 2267
847 2265
848 2119
848 2112
848 2113
848 2111
848 2110
848 2109
849 2118
849 2117
850 2383
850 2391
850 2384
851 2188
851 2187
852 2187
852 2188
852 2153
853 2782
853 2198
853 2783
853 2197
854 2845
854 2123
854 1629
854 1112
854 1105
854 2844
854 2133
854 1989
854 1630
854 1111
854 1106
855 2310
855 1267
855 2309
855 2201
855 1266
856 2347
856 2344
856 2346
856 2345
857 1168
857 1097
857 2277
857 1167
858 2277
858 2278
859 2355
860 1248
861 1916
862 2262
862 2225
862 2221
862 2261
862 2224
862 2222
863 2222
863 2223
863 2221
864 1497
864 1794
865 2852
865 2846
865 2851
866 1955
866 1954
867 2623
867 2624
868 2704
868 2254
868 2252
868 2248
868 1628
868 1621
868 2257
868 2253
868 2251
868 2247
868 1627
868 1622
869 2843
869 2508
869 2509
869 2505
870 2410
870 2411
870 2390
871 1646
871 1652
872 2336
873 1654
874 2333
874 2302
874 2301
874 2297
874 2298
875 2606
875 2298
875 2329
875 2328
876 1098
877 1095
877 1104
877 1103
877 1096
878 2414
878 2415
878 2393
879 1893
879 1894
880 1651
880 1649
881 2259
881 2238
881 2113
881 2111
881 1924
881 1891
881 1864
881 1733
881 2260
881 2239
881 2119
881 2112
881 1925
881 1892
881 1877
881 1876
881 1863
881 1734
882 1926
882 1554
882 1551
882 1927
882 1555
882 1550
883 1550
883 1556
883 1551
884 2842
884 2837
884 2823
884 2803
884 2798
884 2796
884 2794
884 2792
884 2786
884 2739
884 2697
884 2656
884 2655
884 2635
884 2633
884 2631
884 2629
884 2607
884 2589
884 2578
884 2560
884 2548
884 2543
884 2539
884 2537
884 2511
884 2508
884 2501
884 2500
884 2468
884 2458
884 2435
884 2353
884 2350
884 2348
884 2344
884 2339
884 2337
884 2323
884 2319
884 2314
884 2312
884 2273
884 2262
884 2258
884 2244
884 2222
884 2142
884 2135
884 2127
884 2126
884 2121
884 2108
884 2096
884 2047
884 2044
884 2043
884 2038
884 2034
884 2024
884 2000
884 1998
884 1971
884 1956
884 1950
884 1949
884 1941
884 1937
884 1918
884 1876
884 1852
884 1834
884 1815
884 1813
884 1760
884 1745
884 1743
884 1713
884 1709
884 1707
884 1702
884 1701
884 1696
884 1654
884 1652
884 1651
884 1647
884 1646
884 1645
884 1634
884 1631
884 1621
884 1612
884 1608
884 1599
884 1584
884 1548
884 1540
884 1538
884 1450
884 1447
884 1439
884 1431
884 1430
884 1419
884 1410
884 1394
884 1382
884 1381
884 1330
884 1312
884 1259
884 1255
884 1252
884 1229
884 1194
884 1166
884 1164
884 1158
884 1132
884 1088
884 1073
884 1072
884 1070
884 1068
884 1064
884 1056
884 2804
884 2799
884 2797
884 2795
884 2793
884 2787
884 2753
884 2696
884 2636
884 2634
884 2632
884 2630
884 2590
884 2579
884 2561
884 2549
884 2538
884 2512
884 2509
884 2502
884 2469
884 2467
884 2466
884 2465
884 2459
884 2436
884 2420
884 2351
884 2349
884 2345
884 2340
884 2338
884 2324
884 2320
884 2279
884 2261
884 2221
884 2136
884 2097
884 2078
884 2048
884 2039
884 2035
884 1999
884 1972
884 1957
884 1942
884 1938
884 1917
884 1899
884 1816
884 1814
884 1761
884 1744
884 1714
884 1710
884 1708
884 1633
884 1622
884 1613
884 1607
884 1598
884 1583
884 1580
884 1549
884 1542
884 1440
884 1420
884 1395
884 1331
884 1258
884 1256
884 1251
884 1228
884 1193
884 1163
884 1133
884 1087
884 1057
885 2589
885 2435
885 2226
885 2091
885 1986
885 1530
885 1526
885 1386
885 1233
885 2590
885 2436
885 2227
885 1985
885 1531
885 1527
885 1387
885 1235
885 1234
886 2065
886 2059
886 2064
886 2058
887 2311
888 2776
888 1887
888 1455
889 1264
890 1265
891 2306
891 2293
891 2305
891 2292
892 2290
892 2289
893 2836
893 2778
893 2777
893 2770
893 2520
893 2426
893 2424
893 2025
893 1888
893 1562
893 1458
893 1456
893 1432
893 1262
893 1107
893 1106
893 2427
893 2425
893 1108
893 1105
894 2755
895 2399
895 2398
896 2476
896 2475
897 2398
897 2399
897 2389
897 1896
897 1895
898 2274
898 2275
899 1647
900 2574
900 2455
900 2575
901 2455
902 1201
902 1200
903 2577
903 2576
904 2576
904 2575
904 2577
904 2574
905 2463
905 2464
906 2464
906 2463
907 1454
908 2433
908 2432
908 2430
909 2573
910 1743
910 1745
910 1744
911 1421
911 1420
911 1422
911 1419
912 2799
912 2518
912 2438
912 2436
912 2320
912 2127
912 1988
912 1985
912 1710
912 1708
912 1086
912 1083
912 2798
912 2517
912 2437
912 2435
912 2319
912 1987
912 1986
912 1709
912 1707
912 1701
912 1085
912 1084
913 2555
913 2553
913 2554
914 2551
914 2553
914 2552
915 1098
916 1449
916 1450
917 1245
917 1244
918 1244
918 1245
919 2504
919 2502
919 2503
919 2501
920 2503
920 2504
921 2501
921 2502
922 1959
922 1960
923 1962
923 1560
924 1336
925 2499
925 2047
925 2498
925 2048
926 2048
926 2045
926 2047
926 2046
927 1979
927 1981
927 1980
928 1508
928 1505
928 1502
928 1507
928 1506
928 1501
929 1650
929 1651
930 1649
930 1645
931 2469
931 2468
932 2008
933 2853
933 2509
933 2854
933 2508
934 2519
935 2519
936 2520
937 2520
938 1650
939 1648
940 1964
940 1962
941 1981
941 1982
942 2825
942 2826
943 2583
943 2584
944 1717
945 2497
945 2496
946 2496
946 2497
946 1717
947 2856
947 2842
947 2775
947 2769
947 2764
947 2763
947 2760
947 2752
947 2751
947 2750
947 2748
947 2741
947 2738
947 2726
947 2674
947 2641
947 2610
947 2571
947 2570
947 2553
947 2551
947 2542
947 2533
947 2531
947 2530
947 2510
947 2498
947 2461
947 2457
947 2357
947 2356
947 2355
947 2331
947 2328
947 2318
947 2275
947 2271
947 2244
947 2242
947 2211
947 2130
947 2122
947 2103
947 2099
947 2098
947 2093
947 2076
947 2042
947 2033
947 1993
947 1953
947 1933
947 1929
947 1869
947 1853
947 1846
947 1832
947 1802
947 1786
947 1746
947 1699
947 1672
947 1669
947 1667
947 1652
947 1646
947 1645
947 1614
947 1566
947 1550
947 1541
947 1511
947 1496
947 1492
947 1485
947 1472
947 1470
947 1415
947 1414
947 1413
947 1412
947 1408
947 1392
947 1388
947 1383
947 1344
947 1334
947 1318
947 1311
947 1286
947 1276
947 1266
947 1205
947 1101
947 1097
947 1095
947 2785
947 2642
947 2611
947 2572
947 2552
947 2534
947 2532
947 2500
947 2499
947 2460
947 2100
947 1943
947 1870
947 1854
947 1847
947 1833
947 1787
947 1615
947 1551
947 1490
947 1473
947 1471
947 1409
947 1393
947 1335
947 1319
947 1287
947 1277
947 1267
947 1206
947 1104
947 1102
948 2767
948 2721
948 2672
948 2600
948 2590
948 2517
948 2437
948 2327
948 2265
948 2257
948 2132
948 2129
948 2123
948 2086
948 2003
948 1987
948 1874
948 1675
948 1625
948 1568
948 1561
948 1518
948 1500
948 1493
948 1482
948 1480
948 1468
948 1316
948 1310
948 1305
948 1180
948 1154
948 1118
948 1116
948 1115
948 1085
948 1077
948 2720
948 2673
948 2599
948 2589
948 2588
948 2585
948 2518
948 2438
948 2266
948 2131
948 2127
948 2087
948 2004
948 1989
948 1988
948 1875
948 1676
948 1626
948 1519
948 1491
948 1481
948 1469
948 1309
948 1306
948 1179
948 1155
948 1119
948 1086
948 1078
949 2761
949 2749
949 2740
950 2356
951 2064
951 2058
951 2065
951 2059
952 2311
953 1264
954 1265
955 2289
955 2290
956 1108
956 1105
956 2836
956 2778
956 2770
956 2520
956 2025
956 1562
956 1458
956 1432
956 1262
956 1107
956 1106
957 1104
957 1103
958 2578
958 2577
958 2579
958 2576
959 2578
959 2579
960 2577
960 2576
961 2605
961 2604
961 2603
962 2609
962 2612
962 2608
963 2621
963 2333
963 2104
963 2050
963 1661
963 1659
963 1657
963 1257
963 2620
963 2619
963 2105
963 1662
963 1660
963 1658
964 2624
964 2623
965 2626
965 2625
966 2625
966 2626
967 2628
967 2627
968 2627
968 2628
969 2632
969 2631
970 2634
970 2631
970 2633
970 2632
971 2636
971 2633
971 2635
971 2634
972 2635
972 2630
972 2636
972 2629
973 2629
973 2630
974 2655
974 2656
975 1712
975 1705
975 1711
975 1706
976 2810
976 2319
976 2327
976 2320
976 2318
977 1982
978 2278
978 2279
979 1369
979 2691
979 2689
979 2686
979 1370
980 1446
981 2675
981 2106
981 2084
981 1823
981 1411
981 1356
981 1228
981 1181
981 1122
981 1120
981 2676
981 2646
981 2645
981 2107
981 2085
981 1230
981 1229
981 1182
981 1123
981 1121
982 1142
982 1123
982 1121
982 1118
982 1143
982 1122
982 1120
982 1119
983 2506
983 2081
983 1351
983 1229
983 1178
983 1109
983 2507
983 2080
983 1350
983 1228
983 1177
983 1110
984 1357
984 1355
984 1358
984 1354
985 2648
985 2654
985 2651
985 2647
986 2654
986 2650
986 2649
987 2664
987 2659
987 2642
987 2463
987 1463
987 2677
987 2665
987 2660
987 2641
987 2464
988 2428
988 2426
988 1568
988 1567
988 2658
988 2429
988 2427
989 2429
989 2427
989 2424
989 2428
989 2426
989 2425
990 2756
990 2744
990 2455
990 2766
990 2765
990 2759
990 2758
990 2757
990 2745
990 2741
991 2741
992 2765
993 2766
994 2740
995 2742
995 2755
995 2743
996 2761
996 2748
996 2745
996 2760
996 2744
997 2760
997 2757
997 2756
998 2755
998 2743
999 2753
999 2750
1000 2753
1000 2750
1000 2751
1001 2751
1001 2763
1001 2752
1002 2763
1002 2752
1002 2764
1002 2746
1003 2764
1003 2746
1003 2747
1004 2747
1004 2762
1004 2749
1005 2762
1005 2749
1005 2761
1005 2748
1006 2754
1006 2742
1007 2754
1008 2754
1009 2740
1010 1204
1011 1311
1012 1344
1013 1383
1014 1388
1015 1566
1016 2738
1016 1929
1017 1958
1017 1934
1017 1953
1017 1933
1018 1993
1019 2076
1020 2093
1021 2130
1022 2211
1023 2242
1024 2461
1025 2530
1026 2674
1027 2726
1028 2769
1029 2775
1030 2856
1031 2357
1032 2737
1033 2737
1034 2578
1034 2579
1035 2579
1035 2574
1035 2578
1035 2575
1036 2288
1037 1140
1037 1141
1038 2703
1038 2701
1038 2702
1038 2700
1038 2699
1039 2700
1039 1321
1039 1318
1039 2701
1039 1320
1039 1319
1040 2702
1040 1320
1040 2703
1040 1321
1041 1567
1041 1561
1042 2694
1043 2427
1043 2425
1043 2777
1043 2426
1043 2424
1043 1888
1043 1456
1044 2663
1044 2637
1045 2697
1045 2698
1045 2696
1045 1685
1045 1684
1046 2729
1046 2696
1046 2728
1046 2697
1047 2027
1047 1606
1047 1141
1047 1140
1048 1794
1049 2826
1049 2816
1049 1671
1049 1598
1049 1580
1049 1536
1049 2825
1049 2823
1049 2821
1049 2815
1049 2510
1049 1696
1049 1599
1050 1543
1050 1362
1050 1345
1050 2827
1051 2823
1051 1579
1051 1073
1051 2835
1051 2834
1051 2833
1051 2832
1051 2831
1051 2830
1051 2829
1051 2828
1051 2824
1051 2822
1051 1580
1052 1095
1052 1096
1053 2074
1053 2071
1053 2075
1053 2070
1054 1961
1054 1979
1054 1963
1055 2572
1055 2049
1055 2857
1055 2571